job0: (10, 11, 1.23, 0.68)
job1: (12, 12, 1.42, 0.92)
job2: (11, 30, 0.84, 0.96)
job3: (11, 10, 0.48, 0.66)
job4: (8, 29, 1.77, 0.91)
job5: (7, 31, 1.82, 0.48)
job6: (9, 31, 0.65, 0.6)
job7: (6, 3, 1.03, 0.06)
job8: (1, 24, 1.57, 0.92)
job9: (8, 4, 0.9, 0.84)
job10: (9, 2, 0.85, 0.1)
job11: (2, 22, 0.46, 0.56)
job12: (10, 5, 0.19, 0.44)
job13: (2, 16, 1.69, 0.54)
job14: (11, 17, 1.15, 0.46)
job15: (6, 25, 0.33, 0.75)
job16: (8, 3, 0.71, 0.78)
job17: (4, 31, 1.8, 0.7)
job18: (1, 12, 1.03, 0.29)
job19: (2, 9, 1.59, 0.53)
job20: (9, 6, 0.94, 0.72)
job21: (9, 17, 1.56, 0.77)
job22: (3, 29, 1.3, 0.5)
job23: (2, 2, 1.49, 0.29)
job24: (7, 25, 0.24, 0.56)
job25: (6, 26, 0.27, 0.83)
job26: (7, 20, 0.12, 0.33)
job27: (11, 29, 0.33, 0.47)
job28: (3, 4, 0.09, 0.05)
job29: (1, 12, 0.19, 0.73)
job30: (5, 20, 1.43, 0.8)
job31: (9, 28, 1.26, 0.93)
job32: (12, 7, 1.41, 0.54)
job33: (9, 26, 0.25, 0.51)
job34: (5, 27, 1.12, 0.16)
job35: (8, 27, 0.6, 0.15)
job36: (2, 10, 1.67, 0.42)
job37: (8, 14, 0.39, 0.46)
job38: (10, 12, 0.01, 0.3)
job39: (7, 22, 1.16, 0.41)
job40: (2, 8, 0.33, 0.54)
job41: (3, 4, 1.39, 0.25)
job42: (4, 2, 1.4, 0.29)
job43: (9, 24, 0.67, 0.24)
job44: (7, 32, 0.89, 0.97)
job45: (5, 30, 1.29, 0.13)
job46: (3, 29, 0.91, 0.94)
job47: (11, 2, 1.17, 0.34)
job48: (2, 13, 1.89, 0.12)
job49: (12, 22, 1.17, 0.23)
job50: (11, 15, 1.19, 0.59)
job51: (8, 9, 0.0, 0.63)
job52: (5, 5, 0.32, 0.83)
job53: (8, 16, 0.07, 0.57)
job54: (11, 28, 0.74, 0.4)
job55: (9, 19, 0.77, 0.76)
job56: (6, 5, 1.66, 0.58)
job57: (4, 31, 1.99, 0.69)
job58: (12, 27, 1.64, 0.35)
job59: (11, 10, 0.82, 0.6)
job60: (8, 15, 0.1, 0.98)
job61: (1, 18, 0.25, 0.58)
job62: (11, 30, 0.05, 0.12)
job63: (11, 14, 1.23, 0.6)
job64: (3, 12, 0.62, 0.68)
job65: (9, 14, 1.15, 0.78)
job66: (6, 16, 0.73, 0.23)
job67: (2, 28, 0.42, 0.71)
job68: (9, 2, 1.74, 0.83)
job69: (5, 21, 1.67, 0.47)
job70: (3, 2, 1.6, 0.5)
job71: (11, 5, 0.16, 0.75)
job72: (4, 3, 0.37, 0.04)
job73: (8, 10, 0.31, 0.81)
job74: (12, 30, 0.9, 0.48)
job75: (11, 24, 1.31, 0.04)
job76: (12, 23, 1.72, 0.61)
job77: (2, 31, 0.09, 0.7)
job78: (2, 15, 0.85, 0.49)
job79: (4, 29, 1.35, 0.96)
job80: (1, 18, 0.79, 0.61)
job81: (3, 27, 0.81, 0.72)
job82: (3, 31, 0.37, 0.83)
job83: (10, 17, 1.73, 0.88)
job84: (3, 29, 1.52, 0.33)
job85: (11, 9, 0.49, 0.47)
job86: (5, 1, 0.98, 0.37)
job87: (10, 3, 0.46, 0.97)
job88: (9, 28, 1.2, 0.84)
job89: (4, 20, 0.18, 0.73)
job90: (8, 10, 1.26, 0.16)
job91: (7, 16, 1.35, 0.47)
job92: (1, 7, 1.41, 0.48)
job93: (10, 9, 0.68, 0.64)
job94: (9, 17, 0.86, 0.33)
job95: (12, 3, 1.03, 0.81)
job96: (5, 15, 0.34, 0.97)
job97: (12, 5, 0.74, 0.69)
job98: (8, 7, 1.35, 0.39)
job99: (1, 13, 1.01, 0.65)
job100: (9, 8, 1.51, 0.02)
job101: (11, 17, 0.28, 0.19)
job102: (6, 29, 1.63, 0.13)
job103: (4, 5, 0.85, 1.0)
job104: (5, 1, 1.46, 0.29)
job105: (9, 29, 1.15, 0.84)
job106: (11, 13, 1.68, 0.94)
job107: (12, 24, 1.17, 0.91)
job108: (11, 14, 0.8, 0.71)
job109: (1, 24, 0.78, 0.5)
job110: (1, 17, 0.45, 0.7)
job111: (6, 4, 0.36, 0.71)
job112: (5, 22, 0.31, 0.64)
job113: (2, 28, 0.73, 0.48)
job114: (4, 15, 0.8, 0.7)
job115: (4, 2, 1.12, 0.28)
job116: (6, 23, 0.6, 0.42)
job117: (4, 2, 0.33, 0.83)
job118: (1, 17, 1.05, 0.42)
job119: (4, 12, 1.89, 0.76)
job120: (7, 23, 1.19, 0.32)
job121: (4, 32, 1.46, 0.18)
job122: (2, 19, 1.31, 0.86)
job123: (1, 7, 1.79, 0.55)
job124: (10, 16, 1.16, 0.91)
job125: (10, 29, 1.86, 0.73)
job126: (3, 23, 0.6, 0.28)
job127: (5, 19, 1.38, 0.02)
job128: (4, 18, 1.49, 0.92)
job129: (9, 5, 1.38, 0.55)
job130: (2, 21, 1.86, 0.16)
job131: (6, 23, 0.44, 0.46)
job132: (6, 8, 1.96, 0.88)
job133: (7, 7, 0.0, 0.29)
job134: (3, 25, 0.47, 0.93)
job135: (12, 31, 1.53, 0.38)
job136: (6, 28, 0.05, 0.49)
job137: (10, 14, 1.95, 0.03)
job138: (11, 10, 1.86, 0.22)
job139: (7, 8, 1.93, 0.49)
job140: (3, 25, 1.43, 0.09)
job141: (3, 24, 0.13, 0.35)
job142: (12, 25, 0.99, 0.13)
job143: (7, 5, 1.83, 0.8)
job144: (2, 21, 0.15, 0.32)
job145: (12, 9, 0.25, 0.26)
job146: (6, 17, 1.8, 0.13)
job147: (7, 8, 1.31, 0.94)
job148: (9, 10, 1.13, 0.01)
job149: (10, 2, 0.49, 0.59)
job150: (2, 23, 1.16, 0.98)
job151: (10, 22, 1.97, 0.3)
job152: (4, 4, 1.49, 0.7)
job153: (2, 25, 1.84, 0.19)
job154: (10, 9, 1.12, 0.21)
job155: (2, 6, 0.43, 0.12)
job156: (1, 13, 1.39, 0.81)
job157: (12, 6, 1.33, 0.59)
job158: (4, 11, 0.64, 0.01)
job159: (8, 31, 0.17, 0.63)
job160: (4, 19, 1.08, 0.18)
job161: (6, 23, 1.81, 0.36)
job162: (2, 20, 0.24, 0.66)
job163: (4, 13, 0.19, 0.18)
job164: (1, 6, 0.27, 0.89)
job165: (5, 28, 1.15, 0.81)
job166: (3, 24, 1.4, 0.66)
job167: (2, 30, 0.02, 0.34)
job168: (6, 30, 1.91, 0.12)
job169: (1, 2, 0.24, 0.25)
job170: (7, 24, 1.01, 0.98)
job171: (3, 17, 1.64, 0.17)
job172: (7, 8, 0.06, 0.08)
job173: (12, 17, 0.82, 0.05)
job174: (4, 18, 1.48, 0.88)
job175: (10, 4, 0.85, 0.83)
job176: (12, 26, 1.01, 0.07)
job177: (4, 18, 0.42, 0.72)
job178: (5, 6, 1.0, 0.18)
job179: (5, 15, 1.22, 0.95)
job180: (7, 32, 1.31, 0.6)
job181: (10, 11, 1.79, 0.81)
job182: (3, 17, 1.19, 0.92)
job183: (12, 10, 1.57, 0.77)
job184: (11, 13, 0.75, 0.32)
job185: (1, 29, 1.3, 0.77)
job186: (6, 28, 0.29, 0.33)
job187: (8, 12, 0.3, 0.23)
job188: (7, 20, 1.38, 0.61)
job189: (4, 19, 0.32, 0.81)
job190: (5, 7, 0.01, 0.26)
job191: (10, 16, 0.11, 0.33)
job192: (5, 19, 1.44, 0.28)
job193: (2, 3, 0.06, 0.15)
job194: (1, 2, 1.04, 0.41)
job195: (4, 15, 0.47, 0.98)
job196: (8, 14, 1.23, 0.21)
job197: (12, 22, 1.14, 0.23)
job198: (9, 14, 0.23, 0.14)
job199: (1, 9, 1.3, 0.69)
job200: (3, 20, 1.3, 0.43)
job201: (10, 26, 1.09, 0.4)
job202: (3, 12, 0.73, 0.16)
job203: (4, 26, 0.37, 0.02)
job204: (1, 22, 1.24, 0.44)
job205: (12, 1, 0.6, 0.7)
job206: (9, 10, 0.86, 0.81)
job207: (5, 25, 0.41, 0.3)
job208: (6, 4, 0.42, 0.12)
job209: (12, 23, 0.43, 0.81)
job210: (6, 32, 0.27, 0.43)
job211: (12, 16, 0.29, 0.75)
job212: (1, 24, 1.55, 0.93)
job213: (9, 1, 0.33, 0.99)
job214: (1, 23, 1.76, 0.3)
job215: (8, 21, 1.28, 0.3)
job216: (5, 11, 0.14, 0.09)
job217: (5, 30, 0.19, 0.72)
job218: (10, 22, 1.95, 0.92)
job219: (12, 26, 1.72, 0.88)
job220: (2, 8, 1.38, 0.64)
job221: (11, 4, 0.55, 0.36)
job222: (4, 13, 1.75, 0.11)
job223: (1, 16, 1.0, 0.65)
job224: (3, 10, 1.19, 0.29)
job225: (1, 5, 1.55, 0.26)
job226: (5, 14, 1.02, 0.76)
job227: (9, 31, 1.82, 0.09)
job228: (7, 30, 1.51, 0.66)
job229: (8, 16, 0.05, 0.48)
job230: (4, 7, 0.99, 0.38)
job231: (11, 14, 0.83, 0.34)
job232: (11, 31, 1.72, 0.23)
job233: (4, 15, 1.49, 0.92)
job234: (9, 7, 0.67, 0.0)
job235: (8, 29, 0.04, 0.6)
job236: (3, 15, 1.09, 0.03)
job237: (2, 29, 1.88, 0.63)
job238: (12, 21, 0.34, 0.75)
job239: (3, 32, 1.93, 0.28)
job240: (7, 16, 1.64, 0.4)
job241: (6, 32, 1.25, 0.05)
job242: (7, 25, 0.29, 0.73)
job243: (5, 1, 0.13, 0.27)
job244: (4, 16, 1.51, 0.0)
job245: (4, 5, 1.21, 0.52)
job246: (9, 22, 1.81, 0.0)
job247: (1, 31, 1.97, 0.9)
job248: (7, 1, 0.08, 0.78)
job249: (9, 9, 1.02, 0.42)
job250: (9, 17, 0.43, 0.13)
job251: (11, 16, 1.56, 0.93)
job252: (7, 24, 1.18, 0.74)
job253: (10, 17, 1.57, 0.2)
job254: (1, 11, 1.93, 0.87)
job255: (6, 26, 1.06, 0.87)
job256: (7, 19, 0.65, 0.46)
job257: (3, 4, 1.81, 0.35)
job258: (10, 29, 0.14, 0.48)
job259: (3, 23, 1.35, 0.29)
job260: (4, 2, 1.76, 0.9)
job261: (8, 17, 1.73, 0.43)
job262: (5, 6, 0.6, 0.36)
job263: (9, 1, 0.81, 0.19)
job264: (5, 32, 0.88, 0.1)
job265: (5, 5, 0.3, 0.59)
job266: (10, 23, 0.33, 0.18)
job267: (10, 17, 0.22, 0.4)
job268: (4, 32, 1.95, 0.94)
job269: (3, 14, 1.84, 0.7)
job270: (1, 24, 1.09, 0.62)
job271: (11, 18, 0.33, 0.58)
job272: (9, 8, 1.76, 0.45)
job273: (3, 31, 0.46, 0.87)
job274: (1, 12, 1.81, 0.11)
job275: (6, 11, 1.29, 0.09)
job276: (9, 30, 1.99, 0.99)
job277: (9, 15, 1.4, 0.85)
job278: (10, 27, 0.81, 0.05)
job279: (12, 4, 1.49, 0.61)
job280: (10, 2, 0.75, 0.41)
job281: (11, 4, 0.11, 0.75)
job282: (11, 3, 1.26, 0.23)
job283: (9, 13, 0.82, 0.64)
job284: (4, 3, 1.25, 0.58)
job285: (4, 22, 1.44, 0.56)
job286: (9, 21, 1.37, 0.22)
job287: (9, 26, 1.29, 0.15)
job288: (2, 23, 1.22, 0.46)
job289: (3, 31, 0.26, 0.31)
job290: (1, 14, 1.74, 0.99)
job291: (8, 18, 1.97, 0.71)
job292: (6, 31, 0.36, 0.68)
job293: (10, 29, 1.67, 0.16)
job294: (1, 1, 1.57, 0.37)
job295: (7, 12, 1.28, 0.48)
job296: (2, 16, 1.47, 0.38)
job297: (5, 29, 1.46, 0.64)
job298: (3, 29, 1.11, 0.74)
job299: (5, 3, 1.62, 0.7)
job300: (8, 15, 1.09, 0.11)
job301: (5, 25, 0.24, 0.16)
job302: (8, 14, 1.93, 0.61)
job303: (6, 29, 0.3, 0.67)
job304: (1, 17, 1.69, 0.79)
job305: (9, 1, 1.26, 0.32)
job306: (1, 20, 1.75, 0.04)
job307: (12, 4, 0.77, 0.56)
job308: (10, 19, 1.97, 0.63)
job309: (12, 29, 1.56, 0.67)
job310: (9, 10, 0.75, 0.1)
job311: (10, 3, 0.9, 0.51)
job312: (3, 4, 0.56, 0.5)
job313: (9, 9, 0.03, 0.26)
job314: (1, 13, 0.67, 0.85)
job315: (8, 23, 1.46, 0.79)
job316: (10, 16, 0.47, 0.93)
job317: (3, 14, 0.2, 0.22)
job318: (1, 7, 0.33, 0.2)
job319: (2, 30, 1.04, 0.59)
job320: (10, 26, 0.23, 0.39)
job321: (12, 25, 1.77, 0.8)
job322: (10, 32, 1.5, 0.11)
job323: (3, 22, 0.15, 0.76)
job324: (11, 22, 1.59, 0.2)
job325: (9, 18, 0.49, 0.24)
job326: (2, 12, 1.78, 0.09)
job327: (3, 26, 1.35, 0.56)
job328: (6, 32, 1.0, 0.51)
job329: (11, 14, 1.01, 0.18)
job330: (8, 1, 1.27, 0.57)
job331: (8, 30, 0.36, 0.43)
job332: (4, 1, 1.63, 0.77)
job333: (9, 21, 0.91, 0.92)
job334: (10, 20, 1.19, 0.11)
job335: (10, 31, 0.62, 0.22)
job336: (9, 22, 0.05, 0.38)
job337: (9, 4, 1.46, 0.35)
job338: (6, 1, 1.93, 0.99)
job339: (12, 2, 0.36, 0.84)
job340: (9, 23, 1.46, 0.88)
job341: (10, 29, 0.76, 0.47)
job342: (2, 17, 0.66, 0.15)
job343: (1, 22, 1.21, 0.61)
job344: (4, 1, 0.72, 0.96)
job345: (2, 16, 1.5, 0.67)
job346: (12, 2, 0.44, 0.67)
job347: (9, 3, 1.97, 0.22)
job348: (4, 9, 0.63, 0.7)
job349: (10, 12, 0.02, 0.48)
job350: (12, 11, 0.1, 0.91)
job351: (4, 11, 0.68, 0.78)
job352: (5, 7, 0.63, 0.83)
job353: (8, 24, 0.97, 0.12)
job354: (3, 16, 1.88, 0.24)
job355: (3, 21, 0.83, 0.13)
job356: (3, 13, 1.5, 0.05)
job357: (11, 28, 1.97, 0.57)
job358: (2, 6, 0.12, 0.6)
job359: (6, 8, 2.0, 0.18)
job360: (7, 21, 0.32, 0.05)
job361: (10, 1, 1.34, 0.18)
job362: (11, 30, 0.61, 0.76)
job363: (6, 24, 0.27, 0.56)
job364: (11, 19, 1.6, 0.74)
job365: (3, 21, 0.43, 0.36)
job366: (6, 2, 0.76, 0.75)
job367: (10, 18, 0.11, 0.08)
job368: (9, 4, 0.3, 0.35)
job369: (10, 8, 1.59, 0.28)
job370: (9, 2, 1.56, 0.8)
job371: (3, 12, 1.41, 0.04)
job372: (4, 25, 0.66, 0.46)
job373: (5, 12, 1.47, 0.27)
job374: (10, 26, 0.11, 0.97)
job375: (1, 6, 1.73, 0.11)
job376: (11, 29, 1.01, 0.25)
job377: (4, 17, 0.84, 0.68)
job378: (8, 20, 1.92, 0.47)
job379: (1, 2, 1.39, 0.76)
job380: (6, 1, 0.91, 0.98)
job381: (9, 25, 1.89, 0.71)
job382: (11, 25, 1.05, 0.42)
job383: (4, 9, 0.32, 0.07)
job384: (1, 9, 1.13, 0.44)
job385: (8, 19, 0.87, 0.03)
job386: (6, 6, 1.85, 0.66)
job387: (2, 6, 0.1, 0.15)
job388: (4, 32, 0.27, 0.81)
job389: (5, 9, 0.17, 0.73)
job390: (5, 10, 1.57, 0.41)
job391: (4, 16, 0.93, 0.42)
job392: (7, 25, 0.98, 0.07)
job393: (12, 18, 1.37, 0.56)
job394: (5, 15, 0.03, 0.73)
job395: (2, 21, 1.75, 0.97)
job396: (6, 13, 0.33, 0.23)
job397: (4, 30, 1.05, 0.15)
job398: (5, 17, 0.45, 0.79)
job399: (4, 28, 1.92, 0.43)
job400: (12, 30, 2.0, 0.05)
job401: (2, 13, 1.85, 0.9)
job402: (8, 24, 1.51, 0.41)
job403: (5, 14, 1.82, 0.92)
job404: (10, 28, 0.99, 0.63)
job405: (11, 5, 1.03, 0.66)
job406: (2, 22, 0.56, 0.82)
job407: (5, 6, 0.73, 0.7)
job408: (8, 26, 1.94, 0.64)
job409: (3, 17, 1.99, 0.73)
job410: (12, 10, 0.14, 0.27)
job411: (6, 21, 0.01, 0.96)
job412: (4, 20, 1.11, 0.69)
job413: (10, 4, 1.85, 0.7)
job414: (11, 20, 0.6, 0.33)
job415: (1, 23, 1.58, 0.71)
job416: (12, 17, 0.75, 0.3)
job417: (9, 3, 1.98, 0.39)
job418: (10, 24, 0.99, 0.27)
job419: (10, 11, 1.5, 0.46)
job420: (8, 31, 1.42, 0.5)
job421: (9, 13, 0.86, 0.18)
job422: (5, 31, 0.86, 0.74)
job423: (11, 26, 0.73, 0.79)
job424: (4, 25, 1.33, 0.98)
job425: (9, 1, 0.49, 0.0)
job426: (2, 32, 1.15, 0.02)
job427: (4, 21, 0.27, 0.82)
job428: (9, 11, 0.51, 0.49)
job429: (8, 31, 1.11, 0.99)
job430: (6, 17, 1.36, 0.29)
job431: (4, 17, 1.74, 0.55)
job432: (5, 6, 1.26, 0.09)
job433: (3, 9, 1.38, 0.25)
job434: (11, 4, 1.11, 0.22)
job435: (8, 32, 0.04, 0.33)
job436: (10, 25, 1.64, 0.88)
job437: (3, 4, 0.8, 0.31)
job438: (4, 26, 1.37, 0.52)
job439: (2, 19, 1.12, 0.4)
job440: (4, 1, 0.56, 0.71)
job441: (9, 15, 0.16, 0.15)
job442: (3, 3, 0.39, 0.44)
job443: (2, 10, 0.17, 0.29)
job444: (4, 11, 1.6, 0.97)
job445: (8, 8, 1.19, 0.41)
job446: (9, 8, 0.76, 0.76)
job447: (8, 10, 0.38, 0.05)
job448: (11, 27, 0.01, 0.38)
job449: (9, 28, 1.83, 0.28)
job450: (1, 12, 1.37, 0.85)
job451: (7, 16, 1.0, 0.85)
job452: (10, 24, 1.6, 0.69)
job453: (12, 32, 0.49, 0.89)
job454: (6, 25, 0.67, 0.29)
job455: (7, 1, 0.06, 0.05)
job456: (10, 24, 0.5, 0.55)
job457: (7, 13, 0.09, 0.61)
job458: (9, 1, 1.53, 1.0)
job459: (6, 24, 1.98, 0.24)
job460: (4, 11, 1.7, 0.64)
job461: (6, 25, 0.36, 0.7)
job462: (4, 19, 0.14, 0.4)
job463: (1, 11, 1.37, 0.93)
job464: (3, 11, 0.23, 0.97)
job465: (8, 27, 0.18, 0.23)
job466: (1, 13, 0.27, 0.98)
job467: (8, 10, 1.47, 0.2)
job468: (9, 1, 0.99, 0.96)
job469: (9, 32, 0.83, 0.6)
job470: (1, 29, 0.74, 0.98)
job471: (3, 21, 1.87, 0.82)
job472: (5, 20, 1.24, 0.18)
job473: (9, 25, 0.5, 0.34)
job474: (3, 18, 0.48, 0.45)
job475: (2, 30, 0.89, 0.48)
job476: (5, 18, 0.47, 0.43)
job477: (5, 21, 0.49, 0.98)
job478: (6, 17, 1.02, 0.2)
job479: (8, 17, 0.4, 0.06)
job480: (9, 9, 1.03, 0.78)
job481: (8, 18, 0.96, 0.02)
job482: (5, 7, 0.14, 0.46)
job483: (2, 28, 1.52, 0.8)
job484: (7, 18, 1.07, 0.81)
job485: (4, 25, 0.27, 0.49)
job486: (8, 22, 0.77, 0.73)
job487: (4, 23, 0.9, 0.72)
job488: (7, 30, 1.04, 0.61)
job489: (4, 30, 0.95, 0.83)
job490: (2, 14, 1.38, 0.21)
job491: (7, 31, 0.4, 0.2)
job492: (3, 7, 1.77, 0.42)
job493: (9, 12, 1.35, 0.1)
job494: (9, 11, 1.96, 0.29)
job495: (3, 19, 0.14, 0.79)
job496: (11, 25, 0.19, 0.04)
job497: (9, 19, 1.99, 0.64)
job498: (4, 9, 0.35, 0.65)
job499: (2, 11, 0.95, 0.79)
job500: (10, 23, 0.72, 0.9)
job501: (6, 15, 1.4, 0.02)
job502: (8, 22, 1.08, 0.59)
job503: (4, 19, 1.54, 0.36)
job504: (9, 13, 0.28, 0.39)
job505: (8, 27, 0.74, 0.27)
job506: (4, 6, 0.82, 0.78)
job507: (6, 31, 1.29, 0.59)
job508: (7, 8, 0.23, 0.71)
job509: (9, 14, 1.89, 0.94)
job510: (1, 15, 1.56, 0.32)
job511: (8, 24, 0.37, 0.9)
job512: (8, 2, 0.47, 0.8)
job513: (6, 8, 0.95, 0.06)
job514: (2, 20, 0.14, 0.11)
job515: (3, 23, 1.79, 0.67)
job516: (10, 30, 0.2, 0.65)
job517: (5, 31, 0.46, 0.24)
job518: (11, 24, 1.33, 0.1)
job519: (1, 27, 1.74, 0.78)
job520: (2, 26, 0.01, 0.1)
job521: (4, 26, 0.03, 0.5)
job522: (4, 1, 1.88, 0.04)
job523: (3, 12, 0.7, 0.35)
job524: (12, 22, 0.57, 0.22)
job525: (11, 22, 0.9, 0.74)
job526: (7, 15, 1.69, 0.95)
job527: (5, 18, 0.5, 0.8)
job528: (1, 26, 1.04, 0.96)
job529: (8, 12, 0.7, 0.02)
job530: (4, 18, 1.84, 0.23)
job531: (5, 5, 0.34, 0.37)
job532: (8, 13, 0.42, 0.06)
job533: (11, 32, 0.22, 0.69)
job534: (1, 26, 0.6, 0.96)
job535: (11, 3, 1.36, 0.12)
job536: (9, 32, 1.21, 0.26)
job537: (7, 26, 0.19, 0.82)
job538: (5, 24, 0.54, 0.16)
job539: (2, 19, 0.74, 0.31)
job540: (11, 20, 1.42, 0.95)
job541: (4, 30, 1.52, 0.76)
job542: (9, 25, 0.99, 0.97)
job543: (3, 15, 1.26, 0.58)
job544: (4, 25, 0.82, 0.61)
job545: (1, 17, 0.05, 0.95)
job546: (7, 22, 1.69, 0.25)
job547: (4, 21, 1.49, 0.39)
job548: (8, 21, 0.89, 0.81)
job549: (2, 11, 0.69, 0.49)
job550: (6, 3, 0.53, 0.8)
job551: (3, 15, 0.08, 0.13)
job552: (2, 26, 0.5, 0.99)
job553: (8, 23, 1.8, 0.3)
job554: (6, 5, 1.13, 0.46)
job555: (9, 4, 0.45, 0.59)
job556: (7, 5, 0.28, 0.46)
job557: (3, 4, 0.35, 0.96)
job558: (2, 27, 0.06, 0.91)
job559: (11, 3, 1.16, 0.63)
job560: (12, 28, 0.02, 0.15)
job561: (2, 27, 1.46, 0.69)
job562: (4, 6, 0.76, 0.85)
job563: (4, 15, 0.83, 0.69)
job564: (8, 18, 0.95, 0.13)
job565: (3, 5, 0.83, 0.06)
job566: (8, 28, 0.82, 0.89)
job567: (7, 29, 0.01, 0.07)
job568: (9, 8, 1.39, 0.15)
job569: (3, 26, 0.07, 0.74)
job570: (12, 29, 1.66, 0.69)
job571: (8, 7, 0.97, 0.02)
job572: (11, 8, 0.19, 0.41)
job573: (3, 22, 1.61, 0.21)
job574: (4, 25, 0.3, 0.71)
job575: (8, 29, 1.13, 0.27)
job576: (11, 18, 1.41, 0.89)
job577: (11, 21, 0.11, 0.68)
job578: (4, 7, 0.62, 0.1)
job579: (1, 27, 0.55, 0.63)
job580: (5, 24, 1.72, 0.13)
job581: (12, 30, 1.45, 0.43)
job582: (6, 10, 0.76, 0.64)
job583: (12, 8, 0.63, 0.49)
job584: (7, 13, 0.81, 0.59)
job585: (4, 4, 0.57, 0.09)
job586: (9, 19, 0.71, 0.26)
job587: (3, 16, 0.82, 0.3)
job588: (9, 23, 1.26, 0.1)
job589: (8, 14, 1.67, 0.66)
job590: (8, 11, 0.04, 0.23)
job591: (5, 17, 0.26, 0.44)
job592: (8, 12, 1.61, 0.47)
job593: (5, 28, 0.39, 0.28)
job594: (4, 24, 0.47, 0.45)
job595: (7, 12, 0.23, 0.04)
job596: (11, 21, 0.98, 0.13)
job597: (1, 10, 0.73, 0.13)
job598: (4, 31, 0.9, 0.74)
job599: (4, 31, 1.61, 0.58)
job600: (8, 16, 1.35, 0.31)
job601: (5, 32, 1.17, 0.41)
job602: (10, 22, 0.32, 0.55)
job603: (3, 13, 0.16, 0.67)
job604: (7, 13, 1.53, 0.66)
job605: (12, 22, 1.31, 0.25)
job606: (8, 20, 1.93, 0.23)
job607: (8, 4, 0.7, 0.1)
job608: (7, 7, 0.61, 0.95)
job609: (2, 4, 0.21, 0.55)
job610: (12, 21, 0.41, 0.37)
job611: (2, 12, 1.57, 0.46)
job612: (10, 23, 0.82, 0.72)
job613: (10, 14, 0.67, 0.46)
job614: (5, 23, 0.7, 0.93)
job615: (5, 7, 1.31, 0.29)
job616: (10, 10, 1.97, 0.73)
job617: (7, 30, 1.35, 0.39)
job618: (10, 29, 1.48, 0.57)
job619: (12, 30, 0.06, 0.53)
job620: (12, 5, 0.91, 0.26)
job621: (12, 17, 0.81, 0.8)
job622: (1, 6, 1.56, 0.6)
job623: (6, 12, 0.09, 0.71)
job624: (3, 30, 0.03, 0.04)
job625: (1, 14, 0.72, 0.65)
job626: (3, 19, 1.35, 0.72)
job627: (6, 25, 0.71, 0.69)
job628: (7, 2, 0.11, 0.24)
job629: (11, 29, 1.21, 0.21)
job630: (4, 28, 0.66, 0.92)
job631: (4, 21, 0.39, 0.81)
job632: (4, 26, 0.43, 0.04)
job633: (9, 2, 0.04, 0.34)
job634: (7, 13, 0.19, 0.85)
job635: (5, 5, 1.21, 0.54)
job636: (10, 2, 1.14, 0.85)
job637: (9, 12, 0.29, 0.4)
job638: (2, 26, 1.97, 0.07)
job639: (7, 18, 1.18, 0.01)
job640: (6, 26, 0.01, 0.86)
job641: (11, 30, 0.14, 0.69)
job642: (3, 1, 1.64, 0.72)
job643: (5, 9, 0.17, 0.08)
job644: (10, 8, 1.65, 0.74)
job645: (6, 2, 1.76, 0.24)
job646: (8, 14, 0.25, 0.84)
job647: (1, 13, 1.63, 0.17)
job648: (7, 20, 2.0, 0.92)
job649: (3, 16, 0.39, 0.38)
job650: (9, 4, 0.93, 0.15)
job651: (1, 24, 0.9, 0.76)
job652: (11, 18, 0.14, 0.33)
job653: (10, 1, 0.84, 0.15)
job654: (11, 11, 1.92, 0.65)
job655: (5, 9, 1.81, 0.14)
job656: (8, 4, 0.29, 0.77)
job657: (12, 26, 0.71, 0.21)
job658: (4, 30, 0.09, 0.5)
job659: (10, 31, 1.78, 0.92)
job660: (12, 24, 1.1, 0.81)
job661: (7, 8, 1.79, 0.33)
job662: (10, 13, 0.87, 1.0)
job663: (10, 23, 0.79, 0.11)
job664: (10, 31, 0.15, 0.03)
job665: (8, 32, 1.89, 0.86)
job666: (2, 31, 0.44, 0.7)
job667: (10, 30, 0.55, 0.54)
job668: (3, 25, 1.61, 0.21)
job669: (10, 18, 1.84, 0.06)
job670: (11, 29, 0.63, 0.11)
job671: (2, 21, 0.55, 0.27)
job672: (6, 23, 1.39, 0.31)
job673: (5, 19, 0.67, 0.09)
job674: (1, 6, 1.93, 0.55)
job675: (2, 27, 0.61, 0.45)
job676: (1, 10, 1.07, 0.85)
job677: (8, 26, 1.3, 0.69)
job678: (4, 5, 0.31, 0.54)
job679: (3, 16, 1.82, 0.94)
job680: (1, 31, 1.88, 0.24)
job681: (1, 22, 1.61, 0.81)
job682: (8, 6, 0.54, 0.76)
job683: (2, 21, 0.62, 0.9)
job684: (7, 2, 0.51, 0.29)
job685: (6, 23, 1.05, 0.35)
job686: (1, 26, 1.19, 0.03)
job687: (4, 15, 1.49, 0.61)
job688: (10, 20, 1.58, 0.59)
job689: (10, 16, 1.03, 0.08)
job690: (9, 19, 1.84, 0.02)
job691: (2, 7, 1.33, 0.24)
job692: (10, 7, 0.27, 0.41)
job693: (8, 1, 0.64, 0.82)
job694: (1, 25, 1.25, 0.58)
job695: (1, 8, 0.26, 0.24)
job696: (6, 29, 0.35, 0.16)
job697: (1, 4, 1.08, 0.54)
job698: (11, 4, 0.81, 0.71)
job699: (4, 4, 1.07, 0.46)
job700: (2, 14, 0.97, 0.89)
job701: (3, 20, 1.28, 0.14)
job702: (10, 4, 0.94, 0.16)
job703: (9, 1, 1.69, 0.16)
job704: (6, 13, 0.72, 0.83)
job705: (4, 24, 0.75, 0.33)
job706: (4, 23, 1.09, 0.85)
job707: (10, 9, 1.0, 0.05)
job708: (6, 21, 0.74, 0.98)
job709: (9, 18, 1.15, 0.36)
job710: (1, 16, 0.24, 0.39)
job711: (12, 5, 1.04, 0.06)
job712: (6, 28, 0.15, 0.4)
job713: (9, 27, 0.41, 0.15)
job714: (2, 28, 0.9, 0.99)
job715: (11, 6, 0.85, 0.68)
job716: (7, 7, 1.91, 0.88)
job717: (3, 20, 0.12, 0.73)
job718: (7, 4, 0.69, 0.86)
job719: (9, 24, 1.6, 0.86)
job720: (2, 15, 1.69, 0.64)
job721: (2, 32, 1.01, 0.48)
job722: (8, 2, 0.74, 0.77)
job723: (3, 2, 1.71, 0.12)
job724: (10, 12, 1.23, 0.2)
job725: (7, 10, 0.22, 0.57)
job726: (6, 32, 1.48, 0.19)
job727: (11, 31, 1.02, 0.55)
job728: (6, 25, 0.93, 0.03)
job729: (12, 6, 0.46, 0.55)
job730: (5, 11, 0.42, 0.97)
job731: (10, 8, 0.5, 0.93)
job732: (12, 10, 1.33, 0.34)
job733: (9, 20, 0.56, 0.87)
job734: (9, 13, 0.34, 0.6)
job735: (11, 16, 0.42, 0.39)
job736: (11, 6, 0.65, 0.81)
job737: (10, 9, 0.58, 0.73)
job738: (12, 8, 0.44, 0.1)
job739: (1, 13, 0.31, 0.93)
job740: (5, 21, 1.96, 0.95)
job741: (4, 9, 1.8, 0.89)
job742: (9, 13, 1.35, 0.52)
job743: (1, 31, 0.99, 0.44)
job744: (2, 32, 1.82, 0.85)
job745: (1, 15, 1.99, 0.26)
job746: (6, 26, 0.72, 0.21)
job747: (7, 13, 1.59, 0.18)
job748: (9, 15, 0.53, 0.66)
job749: (3, 23, 0.51, 0.78)
job750: (10, 7, 0.07, 0.69)
job751: (7, 18, 1.42, 0.82)
job752: (9, 23, 1.78, 0.7)
job753: (4, 12, 1.86, 0.16)
job754: (9, 14, 0.45, 0.6)
job755: (3, 7, 1.17, 0.29)
job756: (9, 32, 0.85, 0.47)
job757: (2, 11, 0.74, 0.61)
job758: (8, 11, 1.31, 0.29)
job759: (5, 14, 1.33, 0.47)
job760: (8, 22, 1.67, 0.36)
job761: (3, 12, 0.45, 0.46)
job762: (10, 22, 1.25, 0.42)
job763: (1, 26, 0.22, 0.75)
job764: (10, 14, 1.67, 0.01)
job765: (2, 24, 1.2, 0.33)
job766: (6, 20, 0.67, 0.46)
job767: (2, 22, 0.85, 0.93)
job768: (2, 11, 0.63, 0.42)
job769: (10, 20, 0.62, 0.38)
job770: (6, 3, 1.26, 0.74)
job771: (4, 8, 1.12, 0.52)
job772: (7, 31, 1.19, 0.23)
job773: (11, 2, 0.86, 0.02)
job774: (2, 28, 0.15, 0.03)
job775: (5, 3, 1.82, 0.46)
job776: (8, 14, 0.61, 0.23)
job777: (11, 29, 1.84, 0.83)
job778: (11, 31, 0.3, 0.88)
job779: (3, 11, 0.58, 0.48)
job780: (4, 31, 1.49, 0.22)
job781: (11, 7, 0.14, 0.1)
job782: (6, 6, 0.19, 0.1)
job783: (12, 8, 0.73, 0.18)
job784: (7, 5, 1.87, 0.79)
job785: (4, 27, 1.3, 0.09)
job786: (10, 15, 0.08, 0.98)
job787: (12, 1, 0.32, 0.85)
job788: (3, 11, 1.89, 0.42)
job789: (5, 30, 1.26, 0.88)
job790: (5, 17, 0.98, 0.66)
job791: (8, 17, 1.5, 0.61)
job792: (5, 22, 0.27, 0.91)
job793: (4, 31, 1.52, 0.63)
job794: (1, 2, 0.95, 0.63)
job795: (12, 32, 1.77, 0.38)
job796: (1, 17, 1.29, 0.36)
job797: (6, 28, 0.21, 0.86)
job798: (8, 3, 1.21, 0.11)
job799: (1, 32, 0.58, 0.2)
job800: (4, 25, 0.8, 0.32)
job801: (3, 16, 0.41, 0.85)
job802: (3, 17, 1.31, 0.85)
job803: (11, 28, 1.97, 0.77)
job804: (5, 29, 0.21, 0.86)
job805: (12, 3, 1.76, 0.9)
job806: (12, 1, 1.07, 0.62)
job807: (6, 19, 0.01, 0.01)
job808: (2, 4, 1.1, 0.81)
job809: (5, 30, 0.28, 0.49)
job810: (11, 6, 1.96, 0.08)
job811: (10, 3, 1.53, 0.28)
job812: (11, 22, 0.27, 0.79)
job813: (4, 21, 1.33, 0.66)
job814: (9, 32, 0.82, 0.83)
job815: (11, 8, 0.09, 0.62)
job816: (8, 10, 1.01, 0.9)
job817: (9, 32, 0.32, 0.08)
job818: (6, 5, 0.71, 0.05)
job819: (8, 8, 1.49, 0.97)
job820: (8, 16, 1.51, 0.94)
job821: (7, 9, 1.6, 0.54)
job822: (2, 28, 1.27, 0.74)
job823: (4, 18, 0.07, 0.45)
job824: (12, 22, 1.19, 0.1)
job825: (1, 25, 0.94, 0.0)
job826: (1, 22, 1.32, 0.16)
job827: (4, 3, 1.73, 0.97)
job828: (12, 1, 0.8, 0.98)
job829: (11, 26, 0.42, 0.11)
job830: (9, 18, 0.03, 0.7)
job831: (5, 3, 0.47, 0.1)
job832: (2, 29, 1.38, 0.27)
job833: (1, 1, 1.24, 0.09)
job834: (11, 15, 1.56, 0.63)
job835: (1, 32, 1.09, 0.66)
job836: (10, 4, 1.49, 0.13)
job837: (5, 6, 1.99, 0.21)
job838: (12, 14, 1.96, 0.78)
job839: (3, 10, 0.37, 0.47)
job840: (8, 20, 1.13, 0.1)
job841: (5, 21, 0.12, 0.41)
job842: (5, 22, 1.03, 0.19)
job843: (11, 1, 0.44, 0.76)
job844: (8, 28, 1.99, 0.46)
job845: (9, 14, 0.53, 0.91)
job846: (12, 9, 1.74, 0.38)
job847: (12, 24, 0.74, 0.54)
job848: (10, 2, 1.69, 0.37)
job849: (12, 29, 0.46, 0.1)
job850: (9, 11, 0.44, 0.89)
job851: (9, 20, 1.25, 0.5)
job852: (9, 30, 0.89, 0.68)
job853: (10, 25, 1.83, 0.91)
job854: (12, 9, 1.45, 0.82)
job855: (8, 3, 0.54, 0.37)
job856: (8, 30, 1.09, 0.49)
job857: (6, 29, 0.6, 0.53)
job858: (12, 30, 0.32, 0.3)
job859: (11, 7, 1.52, 0.23)
job860: (10, 11, 1.59, 0.07)
job861: (7, 13, 1.96, 0.18)
job862: (4, 16, 1.7, 0.76)
job863: (12, 3, 0.94, 0.15)
job864: (12, 19, 1.82, 0.0)
job865: (10, 31, 1.32, 0.99)
job866: (6, 24, 1.87, 0.49)
job867: (1, 18, 0.71, 0.57)
job868: (4, 26, 0.49, 0.63)
job869: (11, 28, 0.22, 0.55)
job870: (5, 27, 0.9, 0.39)
job871: (12, 8, 1.42, 0.23)
job872: (6, 20, 1.59, 0.35)
job873: (3, 20, 1.81, 0.39)
job874: (8, 22, 0.88, 0.47)
job875: (2, 16, 0.41, 0.23)
job876: (7, 8, 0.14, 0.61)
job877: (2, 17, 1.61, 0.5)
job878: (11, 18, 0.57, 0.33)
job879: (11, 28, 1.02, 0.59)
job880: (1, 16, 0.11, 0.76)
job881: (6, 9, 0.05, 0.87)
job882: (8, 31, 0.93, 0.21)
job883: (1, 9, 0.98, 0.09)
job884: (12, 27, 1.3, 0.89)
job885: (3, 3, 0.18, 0.68)
job886: (7, 32, 1.55, 0.1)
job887: (10, 32, 1.48, 0.35)
job888: (11, 12, 1.16, 0.06)
job889: (11, 31, 0.68, 0.06)
job890: (3, 14, 0.02, 0.51)
job891: (7, 6, 0.03, 0.33)
job892: (12, 13, 0.45, 0.37)
job893: (7, 6, 0.7, 0.4)
job894: (7, 21, 0.33, 0.7)
job895: (2, 28, 1.88, 0.92)
job896: (8, 8, 0.58, 0.39)
job897: (12, 9, 0.59, 0.16)
job898: (1, 11, 0.48, 0.75)
job899: (3, 10, 1.32, 0.16)
job900: (6, 27, 1.97, 0.87)
job901: (11, 16, 1.91, 0.82)
job902: (10, 6, 1.56, 0.72)
job903: (6, 29, 0.39, 0.04)
job904: (4, 21, 1.92, 0.54)
job905: (2, 18, 1.67, 0.49)
job906: (8, 30, 1.71, 0.55)
job907: (3, 30, 0.75, 0.23)
job908: (6, 28, 0.36, 0.02)
job909: (11, 2, 1.78, 0.14)
job910: (8, 22, 0.14, 0.45)
job911: (9, 6, 0.31, 0.41)
job912: (10, 3, 1.58, 0.94)
job913: (9, 30, 0.94, 0.41)
job914: (5, 27, 1.46, 0.04)
job915: (4, 10, 0.56, 0.95)
job916: (11, 29, 1.48, 0.98)
job917: (6, 21, 0.98, 0.35)
job918: (6, 18, 1.81, 0.65)
job919: (1, 9, 0.37, 0.6)
job920: (10, 3, 1.55, 0.49)
job921: (2, 32, 1.47, 0.18)
job922: (5, 2, 0.12, 0.67)
job923: (4, 6, 1.71, 0.87)
job924: (4, 28, 1.56, 0.23)
job925: (12, 4, 1.06, 0.1)
job926: (9, 14, 1.91, 0.19)
job927: (9, 13, 0.24, 0.67)
job928: (3, 19, 0.13, 0.46)
job929: (8, 24, 0.53, 0.97)
job930: (11, 2, 1.06, 0.51)
job931: (5, 24, 0.69, 0.94)
job932: (12, 3, 1.75, 0.55)
job933: (9, 19, 1.71, 0.01)
job934: (3, 18, 0.14, 0.54)
job935: (4, 32, 1.04, 0.63)
job936: (7, 20, 1.55, 0.95)
job937: (8, 2, 0.95, 0.25)
job938: (12, 30, 1.32, 0.33)
job939: (6, 23, 0.17, 0.72)
job940: (6, 2, 1.17, 0.72)
job941: (4, 24, 1.41, 0.68)
job942: (7, 10, 1.84, 0.15)
job943: (3, 28, 0.56, 0.81)
job944: (5, 9, 0.73, 0.43)
job945: (5, 2, 0.77, 0.07)
job946: (8, 4, 1.8, 0.22)
job947: (9, 27, 1.94, 0.09)
job948: (2, 9, 1.9, 0.32)
job949: (12, 25, 0.4, 0.14)
job950: (7, 22, 0.47, 0.39)
job951: (5, 28, 0.08, 0.99)
job952: (11, 23, 1.83, 0.64)
job953: (6, 2, 0.79, 0.17)
job954: (2, 22, 0.47, 0.79)
job955: (4, 31, 0.52, 0.74)
job956: (7, 29, 0.73, 0.28)
job957: (12, 30, 1.14, 0.77)
job958: (4, 11, 0.05, 0.0)
job959: (4, 29, 1.33, 0.52)
job960: (7, 20, 0.82, 0.58)
job961: (5, 22, 1.43, 0.16)
job962: (10, 26, 1.44, 0.05)
job963: (9, 31, 1.21, 0.31)
job964: (7, 19, 0.95, 0.4)
job965: (8, 4, 1.18, 0.57)
job966: (7, 22, 0.6, 0.93)
job967: (3, 10, 1.08, 0.66)
job968: (6, 18, 1.22, 0.68)
job969: (7, 25, 1.04, 0.21)
job970: (7, 16, 0.25, 0.12)
job971: (8, 30, 0.05, 0.49)
job972: (1, 29, 0.65, 0.61)
job973: (11, 13, 0.56, 0.09)
job974: (12, 8, 1.57, 0.61)
job975: (10, 18, 1.02, 0.97)
job976: (11, 30, 1.92, 0.41)
job977: (6, 27, 0.45, 0.82)
job978: (10, 22, 0.96, 0.86)
job979: (11, 19, 0.65, 0.28)
job980: (12, 7, 1.54, 0.11)
job981: (5, 27, 0.05, 0.61)
job982: (8, 1, 0.92, 0.1)
job983: (2, 21, 1.98, 0.95)
job984: (4, 19, 1.98, 0.28)
job985: (8, 15, 1.57, 0.5)
job986: (10, 26, 0.24, 0.34)
job987: (10, 22, 2.0, 0.86)
job988: (8, 25, 1.33, 0.92)
job989: (11, 17, 1.53, 0.79)
job990: (9, 15, 0.66, 0.41)
job991: (6, 10, 1.37, 0.19)
job992: (5, 8, 1.52, 0.41)
job993: (6, 16, 1.64, 0.73)
job994: (10, 2, 0.83, 0.28)
job995: (6, 14, 0.9, 0.21)
job996: (3, 14, 0.04, 0.68)
job997: (4, 11, 1.84, 0.97)
job998: (4, 20, 0.16, 0.95)
job999: (11, 24, 0.63, 0.73)
