ser0: (24, 104, 1.5, 1.22)
ser1: (32, 40, 1.3, 0.37)
ser2: (48, 76, 2.66, 2.96)
ser3: (32, 104, 0.41, 3.3)
ser4: (12, 36, 3.92, 3.79)
ser5: (44, 80, 3.85, 0.51)
ser6: (4, 28, 6.41, 2.27)
ser7: (16, 72, 5.55, 2.53)
ser8: (32, 8, 5.22, 3.03)
ser9: (44, 120, 1.36, 0.14)
ser10: (20, 116, 1.59, 2.23)
ser11: (20, 32, 0.14, 1.08)
ser12: (4, 76, 6.03, 0.29)
ser13: (8, 72, 7.7, 2.6)
ser14: (20, 120, 3.05, 0.28)
ser15: (24, 48, 6.59, 2.65)
ser16: (4, 28, 7.85, 3.92)
ser17: (44, 76, 4.61, 1.51)
ser18: (24, 36, 7.39, 2.41)
ser19: (16, 80, 0.14, 0.34)
ser20: (4, 124, 3.18, 1.15)
ser21: (44, 100, 0.2, 1.41)
ser22: (12, 20, 4.61, 3.98)
ser23: (20, 12, 2.0, 3.86)
ser24: (32, 64, 1.19, 3.17)
ser25: (20, 108, 1.42, 1.47)
ser26: (24, 52, 7.95, 0.44)
ser27: (4, 4, 6.03, 2.8)
ser28: (40, 8, 3.82, 0.45)
ser29: (4, 64, 6.48, 2.79)
ser30: (28, 32, 5.74, 2.01)
ser31: (40, 72, 1.43, 3.05)
ser32: (12, 124, 6.6, 0.64)
ser33: (8, 20, 1.27, 1.83)
ser34: (4, 128, 5.6, 0.35)
ser35: (8, 100, 5.37, 2.38)
ser36: (28, 84, 0.59, 2.82)
ser37: (24, 112, 5.05, 1.58)
ser38: (44, 52, 6.98, 1.92)
ser39: (24, 52, 0.05, 0.83)
ser40: (28, 36, 0.46, 1.93)
ser41: (32, 52, 1.91, 1.49)
ser42: (4, 16, 2.09, 0.82)
ser43: (16, 32, 1.42, 3.61)
ser44: (32, 56, 3.62, 1.19)
ser45: (32, 8, 1.92, 0.86)
ser46: (8, 80, 7.98, 2.18)
ser47: (36, 72, 3.49, 3.3)
ser48: (28, 88, 0.12, 0.15)
ser49: (44, 52, 3.52, 0.14)
ser50: (40, 116, 5.62, 3.32)
ser51: (32, 84, 5.38, 0.99)
ser52: (28, 112, 2.48, 1.38)
ser53: (36, 24, 4.33, 1.93)
ser54: (40, 16, 2.46, 0.33)
ser55: (4, 16, 5.03, 1.73)
ser56: (28, 24, 2.77, 2.14)
ser57: (20, 40, 1.25, 1.45)
ser58: (40, 112, 7.63, 1.64)
ser59: (36, 80, 3.49, 2.47)
ser60: (28, 36, 3.41, 0.07)
ser61: (48, 128, 6.2, 2.1)
ser62: (48, 4, 1.34, 1.18)
ser63: (28, 96, 0.12, 1.81)
ser64: (44, 16, 2.97, 1.32)
ser65: (12, 88, 3.23, 1.44)
ser66: (12, 120, 4.69, 1.75)
ser67: (12, 4, 5.68, 3.61)
ser68: (44, 120, 5.57, 1.95)
ser69: (32, 28, 3.76, 2.51)
ser70: (40, 120, 3.27, 1.69)
ser71: (8, 76, 1.34, 0.54)
ser72: (32, 24, 7.16, 0.02)
ser73: (4, 112, 5.19, 1.03)
ser74: (12, 64, 7.81, 2.82)
ser75: (8, 72, 4.85, 0.03)
ser76: (48, 100, 2.27, 0.71)
ser77: (40, 52, 3.16, 1.83)
ser78: (16, 108, 0.88, 0.98)
ser79: (16, 68, 1.64, 1.79)
ser80: (48, 48, 7.6, 1.94)
ser81: (40, 36, 7.08, 0.14)
ser82: (4, 72, 4.96, 2.12)
ser83: (36, 56, 4.41, 1.39)
ser84: (28, 88, 3.71, 1.71)
ser85: (28, 96, 4.62, 2.11)
ser86: (36, 88, 4.27, 2.11)
ser87: (48, 104, 1.99, 1.17)
ser88: (20, 124, 7.56, 0.95)
ser89: (20, 116, 0.78, 1.58)
ser90: (24, 124, 2.11, 1.65)
ser91: (16, 120, 7.7, 1.5)
ser92: (28, 36, 4.39, 3.67)
ser93: (32, 8, 4.84, 3.99)
ser94: (40, 36, 6.94, 3.48)
ser95: (12, 76, 6.95, 1.18)
ser96: (8, 112, 1.87, 1.79)
ser97: (36, 12, 4.77, 0.91)
ser98: (20, 72, 1.06, 2.23)
ser99: (16, 24, 4.68, 3.36)
ser100: (20, 20, 0.44, 2.66)
ser101: (8, 128, 7.29, 1.72)
ser102: (44, 20, 0.09, 3.83)
ser103: (16, 112, 5.91, 1.58)
ser104: (20, 4, 2.15, 3.73)
ser105: (8, 112, 0.09, 0.82)
ser106: (12, 4, 6.11, 2.74)
ser107: (16, 100, 2.98, 1.59)
ser108: (48, 20, 6.58, 0.82)
ser109: (36, 88, 2.55, 0.98)
ser110: (36, 72, 2.31, 0.44)
ser111: (36, 48, 0.98, 2.13)
ser112: (20, 112, 0.6, 3.64)
ser113: (32, 80, 1.06, 1.01)
ser114: (8, 124, 7.87, 3.97)
ser115: (12, 40, 0.8, 1.78)
ser116: (20, 24, 0.26, 3.35)
ser117: (36, 108, 0.39, 0.38)
ser118: (28, 120, 6.45, 2.76)
ser119: (28, 60, 6.26, 2.32)
ser120: (4, 12, 4.23, 1.18)
ser121: (28, 28, 4.49, 2.18)
ser122: (12, 28, 5.0, 3.26)
ser123: (32, 20, 5.38, 2.97)
ser124: (12, 116, 5.68, 2.27)
ser125: (40, 60, 4.44, 2.1)
ser126: (20, 36, 1.45, 2.11)
ser127: (4, 84, 3.78, 0.88)
ser128: (28, 72, 6.58, 1.9)
ser129: (12, 68, 4.28, 1.59)
ser130: (28, 80, 2.09, 2.72)
ser131: (24, 100, 7.27, 1.99)
ser132: (32, 96, 6.52, 0.68)
ser133: (4, 128, 7.84, 3.66)
ser134: (16, 104, 3.43, 2.0)
ser135: (44, 88, 1.04, 3.83)
ser136: (48, 84, 6.63, 0.56)
ser137: (16, 20, 3.85, 2.49)
ser138: (28, 124, 2.76, 2.96)
ser139: (36, 32, 4.97, 3.48)
ser140: (12, 12, 1.13, 2.06)
ser141: (32, 96, 6.78, 3.76)
ser142: (36, 48, 3.91, 2.75)
ser143: (28, 60, 7.07, 2.47)
ser144: (12, 76, 0.18, 0.44)
ser145: (16, 72, 0.69, 0.33)
ser146: (40, 116, 2.21, 0.09)
ser147: (44, 52, 6.86, 3.06)
ser148: (24, 56, 6.02, 3.55)
ser149: (8, 96, 6.28, 2.39)
ser150: (36, 108, 2.27, 2.04)
ser151: (8, 72, 1.64, 2.54)
ser152: (24, 24, 4.39, 4.0)
ser153: (4, 92, 6.29, 3.93)
ser154: (32, 104, 7.7, 1.85)
ser155: (4, 88, 1.81, 3.83)
ser156: (32, 44, 0.65, 3.21)
ser157: (24, 92, 3.12, 3.04)
ser158: (48, 12, 2.47, 0.77)
ser159: (32, 84, 7.82, 3.41)
ser160: (12, 124, 7.08, 3.39)
ser161: (4, 52, 2.62, 2.1)
ser162: (32, 36, 7.32, 0.44)
ser163: (20, 112, 4.64, 2.22)
ser164: (16, 4, 7.9, 3.96)
ser165: (20, 20, 3.19, 3.84)
ser166: (32, 40, 4.23, 1.21)
ser167: (28, 32, 4.65, 1.32)
ser168: (28, 28, 0.23, 2.42)
ser169: (28, 128, 2.53, 2.59)
ser170: (8, 56, 0.4, 3.2)
ser171: (16, 116, 3.7, 1.41)
ser172: (40, 88, 5.14, 0.84)
ser173: (32, 72, 6.06, 0.89)
ser174: (12, 68, 2.76, 2.74)
ser175: (24, 56, 5.64, 3.84)
ser176: (12, 124, 1.16, 0.67)
ser177: (48, 60, 5.24, 1.72)
ser178: (28, 56, 0.48, 3.91)
ser179: (44, 128, 6.36, 3.64)
ser180: (48, 56, 5.14, 2.03)
ser181: (36, 64, 7.33, 2.37)
ser182: (40, 44, 5.19, 0.38)
ser183: (28, 12, 6.87, 0.99)
ser184: (36, 4, 4.25, 3.76)
ser185: (28, 124, 6.52, 1.93)
ser186: (48, 60, 0.78, 2.99)
ser187: (36, 52, 2.36, 2.76)
ser188: (24, 28, 1.35, 1.99)
ser189: (24, 36, 2.47, 0.74)
ser190: (36, 104, 5.36, 2.79)
ser191: (36, 16, 0.05, 0.68)
ser192: (8, 96, 6.24, 2.58)
ser193: (8, 80, 5.57, 1.85)
ser194: (48, 36, 3.0, 3.13)
ser195: (40, 52, 6.42, 1.52)
ser196: (4, 60, 0.36, 3.68)
ser197: (20, 72, 2.05, 2.85)
ser198: (24, 24, 7.04, 2.73)
ser199: (8, 8, 5.98, 3.81)
ser200: (4, 20, 1.01, 2.81)
ser201: (32, 100, 1.53, 2.99)
ser202: (4, 4, 6.78, 2.56)
ser203: (8, 88, 0.59, 3.8)
ser204: (48, 56, 3.55, 2.96)
ser205: (4, 64, 0.21, 1.91)
ser206: (8, 100, 1.8, 2.52)
ser207: (28, 124, 7.44, 1.03)
ser208: (44, 72, 6.11, 3.86)
ser209: (48, 124, 2.13, 0.82)
ser210: (36, 84, 2.83, 0.64)
ser211: (8, 36, 6.99, 1.69)
ser212: (4, 48, 0.41, 2.83)
ser213: (28, 16, 7.21, 2.79)
ser214: (32, 92, 0.71, 1.82)
ser215: (12, 8, 6.52, 1.9)
ser216: (28, 104, 2.54, 0.82)
ser217: (40, 128, 3.14, 0.85)
ser218: (4, 116, 1.61, 2.91)
ser219: (24, 24, 4.79, 2.84)
ser220: (24, 40, 5.38, 1.69)
ser221: (40, 52, 1.98, 1.32)
ser222: (16, 8, 0.57, 3.82)
ser223: (48, 76, 4.66, 2.94)
ser224: (8, 20, 0.37, 0.4)
ser225: (32, 128, 1.67, 1.25)
ser226: (16, 120, 6.34, 3.06)
ser227: (4, 96, 2.67, 2.4)
ser228: (16, 108, 3.48, 2.25)
ser229: (28, 128, 0.13, 3.63)
ser230: (4, 28, 1.74, 1.06)
ser231: (44, 44, 5.65, 1.85)
ser232: (36, 108, 7.3, 3.2)
ser233: (4, 64, 4.99, 0.69)
ser234: (12, 36, 2.07, 1.99)
ser235: (24, 124, 5.53, 3.9)
ser236: (32, 64, 0.39, 3.73)
ser237: (36, 52, 0.05, 2.54)
ser238: (44, 84, 1.87, 2.52)
ser239: (32, 120, 0.47, 3.69)
ser240: (48, 100, 2.72, 3.51)
ser241: (24, 80, 6.07, 0.8)
ser242: (8, 36, 5.28, 0.48)
ser243: (40, 68, 3.67, 3.11)
ser244: (4, 20, 4.36, 3.04)
ser245: (44, 24, 7.56, 2.54)
ser246: (36, 8, 7.52, 1.59)
ser247: (32, 12, 1.3, 0.45)
ser248: (28, 88, 5.79, 3.41)
ser249: (20, 36, 4.25, 3.7)
ser250: (24, 40, 4.37, 2.64)
ser251: (40, 8, 3.63, 2.32)
ser252: (28, 76, 6.72, 3.4)
ser253: (32, 12, 3.24, 0.66)
ser254: (24, 32, 6.22, 2.11)
ser255: (24, 64, 7.23, 0.91)
ser256: (36, 72, 6.46, 3.94)
ser257: (24, 40, 3.38, 2.93)
ser258: (4, 56, 6.67, 3.43)
ser259: (16, 52, 6.75, 1.23)
ser260: (16, 16, 0.42, 0.56)
ser261: (20, 112, 2.78, 0.65)
ser262: (28, 100, 5.35, 3.32)
ser263: (44, 128, 2.76, 2.64)
ser264: (32, 124, 2.44, 3.85)
ser265: (44, 12, 7.41, 2.59)
ser266: (44, 44, 1.15, 1.83)
ser267: (16, 60, 5.28, 1.68)
ser268: (12, 100, 7.9, 1.26)
ser269: (32, 112, 3.54, 0.74)
ser270: (20, 108, 3.5, 0.49)
ser271: (40, 64, 3.57, 1.06)
ser272: (8, 52, 0.12, 0.55)
ser273: (40, 20, 2.15, 2.94)
ser274: (4, 84, 4.1, 3.68)
ser275: (16, 84, 6.51, 0.36)
ser276: (20, 4, 5.75, 2.53)
ser277: (8, 80, 3.2, 3.53)
ser278: (16, 80, 5.91, 2.51)
ser279: (8, 88, 4.93, 3.37)
ser280: (36, 72, 3.31, 1.27)
ser281: (4, 60, 7.17, 1.87)
ser282: (20, 24, 6.73, 3.13)
ser283: (28, 76, 1.0, 2.52)
ser284: (8, 88, 3.03, 3.72)
ser285: (32, 48, 2.49, 0.61)
ser286: (8, 120, 6.97, 2.77)
ser287: (40, 68, 7.53, 1.53)
ser288: (8, 60, 4.22, 3.69)
ser289: (12, 16, 6.45, 1.77)
ser290: (12, 120, 5.95, 2.47)
ser291: (32, 28, 5.35, 2.73)
ser292: (48, 104, 0.01, 0.95)
ser293: (12, 40, 4.05, 3.15)
ser294: (44, 116, 6.93, 0.9)
ser295: (4, 128, 3.95, 1.69)
ser296: (44, 16, 5.06, 0.52)
ser297: (44, 108, 2.86, 2.1)
ser298: (12, 84, 3.15, 1.13)
ser299: (28, 44, 6.06, 2.58)
ser300: (8, 128, 3.15, 3.31)
ser301: (8, 60, 3.45, 1.37)
ser302: (8, 24, 1.94, 0.91)
ser303: (12, 56, 0.12, 1.12)
ser304: (44, 116, 7.86, 1.28)
ser305: (24, 100, 2.74, 0.05)
ser306: (36, 96, 4.1, 1.23)
ser307: (40, 64, 4.38, 0.94)
ser308: (40, 20, 0.33, 0.1)
ser309: (36, 108, 0.56, 1.04)
ser310: (8, 12, 1.98, 1.06)
ser311: (48, 52, 2.62, 0.99)
ser312: (44, 68, 5.93, 0.52)
ser313: (16, 124, 2.21, 1.23)
ser314: (8, 8, 0.55, 1.17)
ser315: (36, 68, 7.11, 2.78)
ser316: (48, 8, 7.43, 3.69)
ser317: (4, 16, 5.21, 3.28)
ser318: (24, 72, 1.27, 3.36)
ser319: (48, 4, 0.72, 1.3)
ser320: (44, 124, 7.8, 2.07)
ser321: (28, 44, 0.66, 2.62)
ser322: (4, 108, 2.43, 1.99)
ser323: (20, 20, 0.28, 1.59)
ser324: (40, 32, 0.78, 0.01)
ser325: (4, 92, 1.22, 2.99)
ser326: (44, 120, 4.36, 3.91)
ser327: (36, 36, 2.04, 1.59)
ser328: (16, 44, 0.09, 2.08)
ser329: (16, 104, 3.49, 3.35)
ser330: (16, 36, 5.57, 2.75)
ser331: (40, 96, 2.27, 3.82)
ser332: (40, 8, 4.59, 1.66)
ser333: (8, 64, 7.21, 0.02)
ser334: (24, 72, 1.15, 2.84)
ser335: (24, 124, 3.95, 2.04)
ser336: (44, 60, 2.48, 3.73)
ser337: (8, 16, 1.89, 2.74)
ser338: (32, 72, 7.25, 0.83)
ser339: (32, 72, 5.8, 0.69)
ser340: (28, 76, 3.33, 1.13)
ser341: (44, 44, 6.67, 3.53)
ser342: (16, 28, 7.42, 2.94)
ser343: (36, 28, 3.4, 2.15)
ser344: (48, 60, 6.84, 2.85)
ser345: (24, 76, 4.63, 1.5)
ser346: (12, 20, 0.26, 0.41)
ser347: (4, 72, 2.44, 3.23)
ser348: (4, 4, 1.41, 0.3)
ser349: (24, 36, 4.74, 2.24)
ser350: (44, 36, 6.7, 1.03)
ser351: (24, 68, 5.33, 0.56)
ser352: (16, 44, 3.31, 0.38)
ser353: (48, 104, 1.2, 2.32)
ser354: (40, 76, 0.87, 2.69)
ser355: (16, 100, 1.12, 1.75)
ser356: (36, 40, 4.33, 3.68)
ser357: (24, 76, 5.85, 3.51)
ser358: (12, 56, 2.21, 2.99)
ser359: (44, 8, 3.9, 0.69)
ser360: (8, 56, 0.04, 3.95)
ser361: (8, 108, 6.92, 1.52)
ser362: (4, 40, 5.62, 3.04)
ser363: (8, 104, 6.79, 2.46)
ser364: (44, 44, 2.31, 3.11)
ser365: (44, 100, 3.03, 3.71)
ser366: (36, 4, 7.93, 0.07)
ser367: (44, 96, 1.54, 0.62)
ser368: (24, 52, 2.85, 3.44)
ser369: (32, 88, 6.14, 1.32)
ser370: (8, 16, 7.5, 0.73)
ser371: (32, 84, 7.09, 2.64)
ser372: (12, 124, 6.75, 0.48)
ser373: (44, 16, 3.27, 0.41)
ser374: (12, 80, 1.73, 2.83)
ser375: (24, 100, 1.84, 2.71)
ser376: (24, 88, 7.89, 2.6)
ser377: (48, 64, 0.82, 2.09)
ser378: (28, 36, 4.9, 2.97)
ser379: (24, 80, 5.88, 3.25)
ser380: (12, 72, 6.7, 0.42)
ser381: (8, 128, 7.75, 3.11)
ser382: (48, 52, 7.59, 3.43)
ser383: (12, 96, 1.08, 1.03)
ser384: (4, 96, 4.35, 3.68)
ser385: (48, 72, 4.32, 0.14)
ser386: (36, 36, 7.67, 1.01)
ser387: (16, 8, 2.22, 2.96)
ser388: (8, 108, 4.33, 0.65)
ser389: (4, 104, 1.67, 2.94)
ser390: (4, 8, 2.39, 2.63)
ser391: (32, 120, 1.43, 2.18)
ser392: (40, 4, 6.3, 3.81)
ser393: (48, 36, 4.55, 3.93)
ser394: (44, 64, 2.28, 2.56)
ser395: (4, 80, 3.1, 2.7)
ser396: (28, 20, 0.69, 1.66)
ser397: (12, 120, 0.73, 0.34)
ser398: (48, 96, 3.98, 2.66)
ser399: (48, 16, 4.27, 2.96)
ser400: (20, 72, 4.05, 2.81)
ser401: (8, 88, 2.11, 2.83)
ser402: (12, 68, 1.04, 0.97)
ser403: (36, 100, 3.06, 2.47)
ser404: (4, 112, 3.11, 0.19)
ser405: (4, 108, 5.0, 2.05)
ser406: (48, 24, 6.53, 1.34)
ser407: (24, 12, 5.89, 0.2)
ser408: (4, 84, 5.46, 1.79)
ser409: (32, 124, 4.72, 0.84)
ser410: (8, 128, 1.79, 1.43)
ser411: (28, 108, 2.35, 0.88)
ser412: (48, 88, 3.55, 0.11)
ser413: (44, 128, 3.17, 2.98)
ser414: (12, 64, 2.55, 1.41)
ser415: (44, 60, 7.42, 1.0)
ser416: (8, 40, 3.81, 3.35)
ser417: (28, 68, 7.45, 0.07)
ser418: (44, 108, 3.49, 0.67)
ser419: (40, 80, 5.06, 0.8)
ser420: (28, 124, 2.3, 3.62)
ser421: (24, 28, 2.44, 0.95)
ser422: (24, 48, 4.4, 3.35)
ser423: (36, 120, 1.55, 2.79)
ser424: (24, 4, 6.93, 3.48)
ser425: (24, 60, 3.57, 0.85)
ser426: (40, 8, 7.35, 0.69)
ser427: (36, 72, 6.96, 2.05)
ser428: (12, 108, 7.49, 3.7)
ser429: (16, 52, 7.83, 1.97)
ser430: (8, 40, 4.36, 1.43)
ser431: (32, 96, 0.5, 2.2)
ser432: (24, 100, 6.82, 0.66)
ser433: (4, 96, 4.03, 1.74)
ser434: (24, 44, 7.95, 0.01)
ser435: (40, 12, 3.53, 2.84)
ser436: (12, 16, 6.4, 0.2)
ser437: (8, 8, 1.38, 0.52)
ser438: (40, 40, 7.8, 3.61)
ser439: (36, 108, 2.08, 3.59)
ser440: (20, 8, 6.7, 1.58)
ser441: (32, 32, 1.15, 2.6)
ser442: (36, 108, 6.6, 3.09)
ser443: (44, 64, 7.35, 3.36)
ser444: (36, 88, 2.89, 3.01)
ser445: (20, 124, 0.29, 1.52)
ser446: (44, 128, 7.43, 0.9)
ser447: (20, 124, 1.86, 3.71)
ser448: (24, 64, 4.71, 3.71)
ser449: (20, 64, 6.98, 3.76)
ser450: (32, 128, 2.29, 2.17)
ser451: (12, 36, 4.94, 2.5)
ser452: (48, 12, 7.99, 2.78)
ser453: (48, 68, 1.54, 1.82)
ser454: (16, 116, 1.7, 3.14)
ser455: (40, 40, 3.83, 3.59)
ser456: (24, 44, 4.28, 0.77)
ser457: (24, 76, 5.62, 0.14)
ser458: (16, 68, 7.79, 2.41)
ser459: (28, 52, 0.12, 0.5)
ser460: (24, 36, 5.28, 0.76)
ser461: (40, 48, 0.67, 0.3)
ser462: (16, 100, 1.46, 2.75)
ser463: (44, 112, 1.23, 3.03)
ser464: (12, 8, 3.21, 2.1)
ser465: (4, 112, 2.64, 1.99)
ser466: (32, 60, 1.62, 3.84)
ser467: (24, 120, 4.53, 1.4)
ser468: (8, 116, 7.39, 0.53)
ser469: (20, 120, 7.88, 0.55)
ser470: (12, 56, 1.6, 1.15)
ser471: (12, 120, 5.68, 2.3)
ser472: (20, 88, 7.82, 0.14)
ser473: (20, 120, 0.66, 3.99)
ser474: (24, 24, 2.48, 0.41)
ser475: (48, 76, 5.33, 1.96)
ser476: (8, 48, 4.98, 0.87)
ser477: (16, 84, 3.73, 3.25)
ser478: (4, 4, 5.62, 2.88)
ser479: (32, 84, 0.54, 3.37)
ser480: (40, 56, 5.19, 2.02)
ser481: (4, 36, 0.47, 3.42)
ser482: (8, 36, 3.19, 0.02)
ser483: (8, 120, 5.15, 3.32)
ser484: (48, 124, 2.89, 0.73)
ser485: (32, 20, 2.23, 1.91)
ser486: (20, 16, 6.11, 1.86)
ser487: (12, 24, 2.71, 2.59)
ser488: (4, 60, 6.48, 3.48)
ser489: (12, 128, 4.81, 0.8)
ser490: (48, 8, 2.26, 3.97)
ser491: (8, 88, 3.29, 1.53)
ser492: (40, 20, 1.31, 1.95)
ser493: (12, 8, 0.94, 1.68)
ser494: (20, 100, 1.7, 0.23)
ser495: (32, 92, 5.31, 2.06)
ser496: (44, 32, 2.68, 2.01)
ser497: (20, 60, 7.35, 3.49)
ser498: (8, 12, 2.13, 1.82)
ser499: (24, 108, 2.63, 1.03)
ser500: (16, 128, 3.9, 1.39)
ser501: (44, 56, 3.96, 2.08)
ser502: (20, 108, 6.02, 1.39)
ser503: (48, 100, 5.67, 1.11)
ser504: (4, 40, 1.61, 1.21)
ser505: (8, 100, 1.79, 1.73)
ser506: (20, 8, 2.96, 0.56)
ser507: (12, 68, 0.53, 2.17)
ser508: (28, 124, 0.77, 3.54)
ser509: (16, 120, 2.76, 1.65)
ser510: (20, 96, 0.9, 1.36)
ser511: (16, 28, 5.07, 1.57)
ser512: (12, 108, 5.95, 1.19)
ser513: (12, 52, 4.54, 0.78)
ser514: (24, 36, 1.8, 1.06)
ser515: (44, 96, 6.26, 3.39)
ser516: (40, 20, 1.9, 3.81)
ser517: (4, 8, 5.59, 2.9)
ser518: (12, 8, 6.95, 0.19)
ser519: (16, 96, 6.84, 1.83)
ser520: (44, 96, 7.65, 1.71)
ser521: (44, 52, 3.72, 0.85)
ser522: (20, 36, 1.09, 2.76)
ser523: (12, 52, 2.63, 2.38)
ser524: (20, 24, 4.23, 1.29)
ser525: (28, 40, 4.52, 1.09)
ser526: (12, 112, 2.2, 0.48)
ser527: (8, 124, 4.68, 2.01)
ser528: (16, 28, 7.47, 0.59)
ser529: (12, 4, 5.27, 1.01)
ser530: (36, 100, 0.63, 3.01)
ser531: (16, 24, 0.01, 1.25)
ser532: (8, 100, 1.28, 2.44)
ser533: (44, 56, 0.59, 0.52)
ser534: (12, 24, 1.8, 1.62)
ser535: (8, 36, 1.44, 1.15)
ser536: (32, 68, 6.31, 2.48)
ser537: (4, 12, 4.39, 3.0)
ser538: (32, 48, 1.35, 3.11)
ser539: (48, 44, 4.96, 3.7)
ser540: (8, 68, 7.85, 3.48)
ser541: (16, 68, 1.44, 3.64)
ser542: (16, 124, 2.47, 3.05)
ser543: (24, 32, 2.96, 0.02)
ser544: (32, 24, 4.44, 3.76)
ser545: (28, 52, 7.97, 1.36)
ser546: (44, 48, 7.02, 0.82)
ser547: (28, 80, 6.06, 1.0)
ser548: (32, 116, 0.58, 3.04)
ser549: (12, 36, 4.9, 1.94)
ser550: (12, 28, 3.09, 1.21)
ser551: (24, 108, 4.24, 3.09)
ser552: (44, 92, 7.65, 1.31)
ser553: (36, 72, 7.59, 2.46)
ser554: (48, 104, 2.05, 1.84)
ser555: (16, 28, 5.0, 3.75)
ser556: (12, 32, 7.76, 3.8)
ser557: (20, 56, 2.36, 0.05)
ser558: (48, 108, 5.3, 0.27)
ser559: (12, 128, 0.47, 0.49)
ser560: (28, 88, 8.0, 3.33)
ser561: (32, 76, 1.54, 3.92)
ser562: (16, 32, 0.41, 0.59)
ser563: (44, 112, 7.62, 0.45)
ser564: (40, 84, 0.31, 2.79)
ser565: (4, 92, 3.51, 2.53)
ser566: (4, 16, 4.65, 3.12)
ser567: (4, 40, 4.94, 3.75)
ser568: (48, 32, 1.82, 1.48)
ser569: (36, 72, 5.23, 2.96)
ser570: (44, 52, 0.41, 2.32)
ser571: (16, 28, 2.93, 0.19)
ser572: (4, 8, 5.85, 2.53)
ser573: (12, 64, 2.86, 0.9)
ser574: (20, 8, 3.31, 0.66)
ser575: (16, 32, 0.8, 2.04)
ser576: (16, 124, 5.12, 1.16)
ser577: (12, 32, 7.25, 2.28)
ser578: (28, 108, 1.68, 1.77)
ser579: (28, 12, 1.19, 3.79)
ser580: (32, 48, 6.39, 0.53)
ser581: (4, 108, 3.96, 0.77)
ser582: (36, 108, 1.45, 3.83)
ser583: (24, 120, 1.3, 0.3)
ser584: (12, 112, 3.29, 0.77)
ser585: (32, 8, 7.18, 3.34)
ser586: (8, 16, 7.18, 1.05)
ser587: (32, 112, 5.43, 2.97)
ser588: (4, 24, 0.32, 3.59)
ser589: (16, 60, 1.02, 0.53)
ser590: (4, 56, 3.47, 3.0)
ser591: (24, 108, 4.75, 3.83)
ser592: (28, 4, 3.3, 0.5)
ser593: (20, 100, 3.46, 0.11)
ser594: (20, 100, 5.26, 0.85)
ser595: (36, 60, 7.96, 0.1)
ser596: (36, 116, 6.65, 3.81)
ser597: (48, 48, 1.37, 0.87)
ser598: (4, 100, 4.84, 3.63)
ser599: (20, 52, 0.5, 0.62)
ser600: (28, 104, 2.32, 0.61)
ser601: (28, 64, 3.95, 3.83)
ser602: (4, 28, 0.22, 0.0)
ser603: (8, 100, 5.78, 2.23)
ser604: (24, 52, 7.34, 0.46)
ser605: (40, 20, 1.72, 1.21)
ser606: (36, 44, 0.38, 2.2)
ser607: (20, 76, 1.26, 1.88)
ser608: (20, 60, 0.55, 1.55)
ser609: (12, 88, 5.04, 3.18)
ser610: (44, 12, 7.98, 1.61)
ser611: (48, 68, 3.91, 0.77)
ser612: (4, 36, 2.67, 0.32)
ser613: (20, 52, 5.12, 1.49)
ser614: (36, 28, 3.18, 3.22)
ser615: (12, 60, 5.02, 3.87)
ser616: (36, 52, 7.32, 1.61)
ser617: (4, 128, 3.93, 1.6)
ser618: (12, 44, 5.87, 1.45)
ser619: (24, 80, 3.67, 1.59)
ser620: (48, 56, 7.07, 0.65)
ser621: (36, 100, 2.23, 0.21)
ser622: (28, 72, 6.51, 1.73)
ser623: (40, 44, 4.26, 1.51)
ser624: (12, 128, 2.91, 3.73)
ser625: (24, 120, 5.3, 1.28)
ser626: (28, 76, 6.31, 3.42)
ser627: (36, 4, 2.82, 1.51)
ser628: (8, 96, 0.46, 2.7)
ser629: (20, 16, 6.87, 2.72)
ser630: (8, 68, 4.79, 1.69)
ser631: (24, 96, 0.68, 1.73)
ser632: (16, 40, 6.28, 3.37)
ser633: (16, 44, 1.1, 3.59)
ser634: (36, 56, 4.21, 3.59)
ser635: (20, 44, 2.76, 3.58)
ser636: (40, 112, 6.03, 3.05)
ser637: (40, 104, 1.83, 1.82)
ser638: (20, 108, 4.38, 2.65)
ser639: (8, 8, 6.68, 2.33)
ser640: (12, 68, 1.7, 2.85)
ser641: (24, 104, 7.18, 0.43)
ser642: (40, 128, 0.02, 3.65)
ser643: (36, 104, 4.75, 2.18)
ser644: (4, 108, 1.9, 3.12)
ser645: (4, 52, 6.19, 3.05)
ser646: (16, 20, 3.73, 3.42)
ser647: (36, 28, 7.45, 3.52)
ser648: (24, 116, 2.03, 3.62)
ser649: (16, 52, 1.63, 0.89)
ser650: (28, 24, 5.78, 2.94)
ser651: (24, 4, 3.35, 1.66)
ser652: (48, 128, 4.84, 1.14)
ser653: (12, 88, 3.35, 1.15)
ser654: (24, 116, 5.97, 1.6)
ser655: (24, 100, 3.57, 0.37)
ser656: (24, 84, 3.03, 0.9)
ser657: (16, 12, 7.32, 0.23)
ser658: (40, 32, 2.38, 3.43)
ser659: (4, 40, 6.71, 3.35)
ser660: (36, 24, 0.59, 1.83)
ser661: (32, 12, 0.45, 1.82)
ser662: (44, 44, 4.05, 2.11)
ser663: (28, 68, 4.83, 3.7)
ser664: (8, 52, 6.8, 3.36)
ser665: (36, 128, 7.52, 0.9)
ser666: (44, 112, 7.96, 0.26)
ser667: (16, 68, 3.52, 0.59)
ser668: (16, 52, 0.16, 0.8)
ser669: (20, 32, 4.48, 3.61)
ser670: (16, 96, 1.6, 1.07)
ser671: (28, 112, 6.25, 2.32)
ser672: (8, 100, 0.85, 2.95)
ser673: (40, 40, 2.4, 3.15)
ser674: (44, 96, 2.97, 0.81)
ser675: (4, 68, 1.07, 0.7)
ser676: (16, 120, 2.03, 2.89)
ser677: (40, 112, 7.48, 2.28)
ser678: (40, 72, 3.36, 0.15)
ser679: (20, 96, 1.8, 2.03)
ser680: (48, 72, 0.39, 0.07)
ser681: (44, 32, 2.94, 1.68)
ser682: (16, 128, 2.87, 3.56)
ser683: (20, 96, 6.27, 1.08)
ser684: (16, 72, 4.38, 2.55)
ser685: (40, 4, 6.55, 2.4)
ser686: (28, 120, 5.7, 3.98)
ser687: (28, 112, 1.11, 1.42)
ser688: (8, 72, 0.59, 0.01)
ser689: (32, 112, 4.4, 1.5)
ser690: (44, 4, 4.6, 0.17)
ser691: (48, 32, 4.03, 2.31)
ser692: (4, 100, 4.33, 0.18)
ser693: (32, 84, 2.27, 3.4)
ser694: (12, 104, 4.85, 2.04)
ser695: (40, 64, 0.93, 0.74)
ser696: (32, 120, 0.98, 3.29)
ser697: (20, 72, 4.72, 3.49)
ser698: (4, 56, 4.72, 2.6)
ser699: (16, 84, 4.2, 3.37)
ser700: (12, 120, 2.0, 3.0)
ser701: (16, 108, 4.98, 1.73)
ser702: (40, 8, 3.03, 2.02)
ser703: (28, 48, 6.73, 0.74)
ser704: (16, 68, 6.25, 3.23)
ser705: (44, 36, 2.37, 0.73)
ser706: (20, 76, 4.26, 3.18)
ser707: (24, 56, 3.41, 3.38)
ser708: (28, 76, 4.81, 0.87)
ser709: (44, 120, 1.64, 3.36)
ser710: (32, 124, 6.33, 3.75)
ser711: (20, 44, 1.72, 1.17)
ser712: (40, 40, 4.36, 0.73)
ser713: (28, 76, 5.48, 0.6)
ser714: (8, 12, 0.86, 0.6)
ser715: (40, 116, 2.63, 3.31)
ser716: (4, 44, 4.26, 0.31)
ser717: (44, 68, 2.94, 1.38)
ser718: (44, 88, 2.23, 0.91)
ser719: (24, 12, 0.7, 1.23)
ser720: (48, 68, 5.85, 0.91)
ser721: (4, 20, 1.0, 0.63)
ser722: (40, 28, 4.59, 0.57)
ser723: (4, 40, 7.03, 3.27)
ser724: (4, 76, 5.02, 0.19)
ser725: (32, 4, 1.7, 3.65)
ser726: (20, 72, 7.77, 2.62)
ser727: (48, 92, 6.16, 3.85)
ser728: (40, 68, 7.08, 1.19)
ser729: (48, 72, 2.62, 0.57)
ser730: (32, 48, 7.56, 2.57)
ser731: (28, 52, 6.37, 0.98)
ser732: (4, 60, 4.99, 2.9)
ser733: (36, 56, 1.21, 0.72)
ser734: (12, 44, 6.87, 0.66)
ser735: (48, 100, 6.02, 2.36)
ser736: (44, 76, 6.3, 1.33)
ser737: (12, 104, 6.53, 2.03)
ser738: (36, 40, 1.01, 3.54)
ser739: (4, 44, 1.92, 3.8)
ser740: (40, 60, 7.48, 3.86)
ser741: (8, 108, 1.67, 3.17)
ser742: (16, 96, 1.87, 0.43)
ser743: (44, 104, 7.21, 1.71)
ser744: (12, 64, 7.84, 2.05)
ser745: (28, 64, 4.62, 0.71)
ser746: (40, 68, 5.67, 3.49)
ser747: (40, 48, 1.11, 1.09)
ser748: (44, 120, 7.34, 3.21)
ser749: (4, 84, 6.67, 1.88)
ser750: (40, 24, 1.33, 2.98)
ser751: (8, 4, 4.9, 0.47)
ser752: (28, 104, 0.77, 2.96)
ser753: (48, 12, 7.31, 0.83)
ser754: (36, 112, 7.36, 1.81)
ser755: (40, 96, 3.26, 0.36)
ser756: (40, 16, 0.76, 2.54)
ser757: (44, 108, 4.11, 2.03)
ser758: (4, 88, 3.19, 1.46)
ser759: (44, 116, 7.0, 2.65)
ser760: (28, 104, 6.08, 0.54)
ser761: (12, 80, 6.49, 2.42)
ser762: (8, 88, 1.69, 3.05)
ser763: (4, 8, 5.72, 1.09)
ser764: (20, 4, 7.47, 2.57)
ser765: (4, 36, 4.64, 3.02)
ser766: (48, 60, 0.95, 3.97)
ser767: (44, 76, 3.31, 3.67)
ser768: (36, 60, 7.79, 0.69)
ser769: (20, 92, 0.6, 1.0)
ser770: (48, 20, 1.07, 3.35)
ser771: (8, 60, 1.29, 2.13)
ser772: (36, 60, 2.44, 1.93)
ser773: (12, 52, 6.89, 2.87)
ser774: (36, 80, 1.54, 0.1)
ser775: (8, 36, 0.8, 3.74)
ser776: (8, 88, 5.58, 0.27)
ser777: (32, 56, 3.06, 2.59)
ser778: (16, 4, 0.11, 2.21)
ser779: (16, 8, 4.57, 3.74)
ser780: (12, 60, 0.23, 1.09)
ser781: (4, 72, 1.03, 2.44)
ser782: (24, 68, 0.14, 3.43)
ser783: (8, 12, 0.22, 2.71)
ser784: (16, 20, 1.94, 3.12)
ser785: (20, 64, 4.7, 2.44)
ser786: (12, 28, 6.24, 1.37)
ser787: (40, 40, 7.72, 3.31)
ser788: (40, 4, 0.93, 2.74)
ser789: (24, 116, 3.74, 0.84)
ser790: (24, 16, 7.94, 1.4)
ser791: (20, 88, 6.79, 2.51)
ser792: (24, 92, 7.45, 3.43)
ser793: (8, 96, 6.05, 0.41)
ser794: (24, 108, 4.55, 0.21)
ser795: (4, 60, 6.03, 1.77)
ser796: (4, 108, 6.47, 1.79)
ser797: (16, 16, 1.96, 1.52)
ser798: (12, 76, 4.4, 0.17)
ser799: (28, 24, 7.21, 0.57)
ser800: (32, 28, 0.99, 2.05)
ser801: (12, 124, 2.65, 2.71)
ser802: (36, 52, 0.24, 2.91)
ser803: (4, 108, 0.4, 2.49)
ser804: (44, 72, 1.44, 3.03)
ser805: (36, 52, 3.11, 3.9)
ser806: (24, 16, 4.37, 0.6)
ser807: (8, 56, 2.51, 3.81)
ser808: (20, 24, 4.26, 1.14)
ser809: (36, 56, 6.39, 1.13)
ser810: (48, 128, 6.3, 0.29)
ser811: (24, 68, 4.79, 0.08)
ser812: (36, 64, 5.45, 1.02)
ser813: (40, 4, 7.38, 1.55)
ser814: (40, 44, 0.93, 1.18)
ser815: (16, 96, 7.05, 2.46)
ser816: (36, 108, 6.72, 3.96)
ser817: (24, 112, 7.01, 0.6)
ser818: (28, 44, 4.08, 1.8)
ser819: (36, 32, 3.91, 3.38)
ser820: (48, 4, 5.87, 0.33)
ser821: (24, 116, 4.21, 0.65)
ser822: (32, 4, 4.59, 1.0)
ser823: (36, 40, 3.15, 0.97)
ser824: (4, 72, 5.45, 0.48)
ser825: (44, 52, 1.25, 3.45)
ser826: (36, 64, 5.71, 3.68)
ser827: (12, 16, 7.5, 1.32)
ser828: (20, 104, 5.19, 2.84)
ser829: (24, 64, 1.16, 0.34)
ser830: (16, 96, 7.37, 1.82)
ser831: (48, 52, 1.83, 2.93)
ser832: (36, 40, 6.15, 2.03)
ser833: (36, 44, 4.2, 0.43)
ser834: (12, 68, 4.48, 0.5)
ser835: (16, 48, 7.0, 3.92)
ser836: (20, 8, 4.83, 3.48)
ser837: (4, 120, 0.26, 2.29)
ser838: (16, 60, 0.08, 0.32)
ser839: (40, 28, 5.52, 0.81)
ser840: (16, 108, 5.85, 0.16)
ser841: (12, 56, 2.44, 2.07)
ser842: (32, 32, 1.97, 2.89)
ser843: (24, 128, 5.91, 3.97)
ser844: (40, 56, 0.02, 0.59)
ser845: (8, 16, 0.37, 3.03)
ser846: (8, 96, 0.97, 1.31)
ser847: (36, 104, 3.02, 2.76)
ser848: (36, 44, 4.42, 0.51)
ser849: (4, 48, 2.31, 0.93)
ser850: (28, 104, 7.43, 0.31)
ser851: (12, 56, 6.71, 3.75)
ser852: (20, 44, 5.35, 1.8)
ser853: (48, 20, 1.0, 1.76)
ser854: (36, 48, 4.14, 1.65)
ser855: (32, 128, 0.57, 2.76)
ser856: (12, 84, 6.28, 1.75)
ser857: (40, 88, 0.08, 2.75)
ser858: (12, 52, 1.57, 1.2)
ser859: (20, 12, 6.22, 1.52)
ser860: (16, 92, 0.26, 2.64)
ser861: (44, 52, 1.52, 2.3)
ser862: (44, 56, 4.36, 3.98)
ser863: (16, 12, 0.61, 1.72)
ser864: (24, 56, 6.39, 3.51)
ser865: (28, 84, 1.63, 0.6)
ser866: (28, 80, 5.57, 1.18)
ser867: (12, 96, 2.74, 0.37)
ser868: (48, 32, 2.83, 1.46)
ser869: (16, 12, 4.54, 0.59)
ser870: (24, 92, 0.03, 0.46)
ser871: (28, 108, 2.09, 3.77)
ser872: (16, 64, 5.84, 3.98)
ser873: (16, 44, 4.26, 3.87)
ser874: (4, 32, 0.54, 1.37)
ser875: (16, 16, 1.74, 2.47)
ser876: (4, 84, 2.39, 2.56)
ser877: (12, 28, 2.31, 3.13)
ser878: (8, 128, 4.94, 3.08)
ser879: (8, 56, 1.99, 3.85)
ser880: (40, 124, 7.24, 0.68)
ser881: (28, 88, 7.6, 1.62)
ser882: (24, 104, 7.63, 0.04)
ser883: (20, 60, 5.14, 4.0)
ser884: (36, 128, 1.71, 3.91)
ser885: (16, 68, 6.49, 3.66)
ser886: (48, 112, 3.42, 2.02)
ser887: (20, 76, 2.12, 0.45)
ser888: (36, 8, 5.05, 3.81)
ser889: (16, 36, 3.85, 3.96)
ser890: (40, 92, 4.68, 1.38)
ser891: (24, 32, 7.83, 2.4)
ser892: (24, 20, 0.2, 1.53)
ser893: (48, 68, 5.05, 3.13)
ser894: (12, 128, 0.46, 1.44)
ser895: (20, 52, 6.76, 1.94)
ser896: (20, 72, 1.43, 3.46)
ser897: (28, 88, 1.41, 2.8)
ser898: (32, 128, 2.22, 3.55)
ser899: (4, 4, 4.09, 1.02)
ser900: (44, 48, 3.41, 3.7)
ser901: (32, 88, 4.91, 0.61)
ser902: (16, 32, 6.55, 0.24)
ser903: (8, 72, 4.7, 2.48)
ser904: (12, 76, 6.88, 1.95)
ser905: (20, 128, 3.29, 2.65)
ser906: (40, 4, 0.77, 2.57)
ser907: (24, 104, 7.0, 0.5)
ser908: (16, 40, 6.3, 3.11)
ser909: (48, 28, 0.39, 2.85)
ser910: (36, 36, 0.26, 2.46)
ser911: (44, 72, 0.04, 2.48)
ser912: (40, 96, 7.11, 3.8)
ser913: (16, 40, 4.64, 1.58)
ser914: (36, 104, 0.09, 1.0)
ser915: (48, 84, 7.55, 3.53)
ser916: (20, 92, 4.71, 2.85)
ser917: (12, 120, 0.68, 1.46)
ser918: (48, 28, 4.15, 3.71)
ser919: (44, 96, 5.85, 0.48)
ser920: (28, 20, 2.05, 0.25)
ser921: (16, 104, 6.95, 2.7)
ser922: (28, 108, 5.25, 2.09)
ser923: (40, 116, 5.03, 0.72)
ser924: (44, 16, 6.35, 3.14)
ser925: (16, 84, 4.4, 2.21)
ser926: (12, 24, 7.27, 2.42)
ser927: (32, 128, 1.99, 1.25)
ser928: (12, 124, 2.96, 1.27)
ser929: (28, 12, 2.6, 0.03)
ser930: (28, 124, 6.45, 2.73)
ser931: (4, 84, 1.18, 3.64)
ser932: (36, 64, 0.96, 3.07)
ser933: (36, 56, 1.88, 2.61)
ser934: (28, 80, 2.68, 3.67)
ser935: (48, 120, 6.48, 3.53)
ser936: (8, 68, 7.36, 3.5)
ser937: (32, 56, 2.48, 0.19)
ser938: (28, 100, 4.37, 0.24)
ser939: (48, 40, 2.24, 2.96)
ser940: (40, 68, 6.8, 3.56)
ser941: (36, 60, 1.21, 1.11)
ser942: (8, 8, 7.75, 1.81)
ser943: (20, 48, 5.1, 0.95)
ser944: (24, 128, 7.96, 3.42)
ser945: (28, 120, 1.12, 0.81)
ser946: (20, 84, 4.46, 1.55)
ser947: (36, 128, 7.0, 1.93)
ser948: (40, 112, 3.69, 1.57)
ser949: (36, 116, 3.07, 2.73)
ser950: (32, 96, 2.16, 1.92)
ser951: (24, 60, 7.69, 0.88)
ser952: (44, 16, 5.72, 3.27)
ser953: (12, 120, 6.93, 2.58)
ser954: (40, 44, 0.76, 3.29)
ser955: (20, 56, 5.55, 2.83)
ser956: (36, 44, 5.08, 3.07)
ser957: (12, 36, 6.49, 1.09)
ser958: (12, 28, 1.78, 3.06)
ser959: (8, 84, 1.75, 1.62)
ser960: (40, 4, 7.1, 0.65)
ser961: (24, 36, 1.92, 3.44)
ser962: (28, 108, 3.51, 0.72)
ser963: (28, 120, 4.38, 3.32)
ser964: (48, 44, 2.26, 3.18)
ser965: (40, 52, 3.08, 3.7)
ser966: (24, 32, 6.29, 3.12)
ser967: (36, 36, 4.96, 0.45)
ser968: (48, 80, 6.04, 3.48)
ser969: (48, 60, 4.37, 2.21)
ser970: (40, 108, 3.06, 1.19)
ser971: (28, 120, 1.78, 3.21)
ser972: (28, 124, 1.07, 0.69)
ser973: (16, 96, 3.68, 2.7)
ser974: (12, 28, 0.16, 0.24)
ser975: (28, 104, 4.52, 0.82)
ser976: (8, 48, 2.92, 2.35)
ser977: (8, 72, 0.93, 2.24)
ser978: (48, 80, 3.77, 0.85)
ser979: (20, 56, 1.8, 0.03)
ser980: (44, 116, 7.98, 2.33)
ser981: (28, 60, 4.65, 3.65)
ser982: (16, 4, 2.11, 3.43)
ser983: (36, 48, 6.25, 0.58)
ser984: (36, 108, 6.76, 1.98)
ser985: (12, 128, 1.7, 1.04)
ser986: (48, 56, 1.15, 0.71)
ser987: (32, 96, 7.85, 2.62)
ser988: (24, 76, 0.83, 1.09)
ser989: (32, 24, 0.66, 3.49)
ser990: (4, 120, 0.73, 1.11)
ser991: (32, 100, 5.54, 1.71)
ser992: (8, 84, 2.32, 2.56)
ser993: (4, 72, 6.97, 0.28)
ser994: (36, 16, 6.93, 1.1)
ser995: (8, 128, 0.89, 1.93)
ser996: (12, 76, 4.6, 2.32)
ser997: (24, 72, 0.34, 2.38)
ser998: (36, 20, 7.71, 0.58)
ser999: (48, 128, 1.38, 3.14)
